DLL_VERSION: 001.001.20080609
FILE_FORMAT_VERSION: MRO.001.001.20080609
CREATION_DATE: 22.05.2014
DISTRIBUTOR: Imagine Eyes
A00: 2060
A01: 1FBB
A02: 2086
A03: 1E3B
A04: 1F6C
A05: 2056
A06: 1F84
A07: 201E
A08: 1FDF
A09: 1EBE
A10: 20AC
A11: 1F33
A12: 2127
A13: 2030
A14: 1FE0
A15: 1FE6
A16: 1EE2
A17: 2129
A18: 1FDC
A19: 200F
A20: 2010
A21: 2014
A22: 203A
A23: 2050
A24: 1FC4
A25: 2156
A26: 1FDF
A27: 1F58
A28: 201B
A29: 2025
A30: 2000
A31: 205A
A32: 1F39
A33: 2069
A34: 20AB
A35: 202D
A36: 2005
A37: 2065
A38: 2077
A39: 2103
A40: 2046
A41: 1FC2
A42: 1EAA
A43: 1F41
A44: 1FA9
A45: 2058
A46: 1FE4
A47: 1E64
A48: 1FEC
A49: 2027
A50: 1FD6
A51: 1F6E
END
